     0/149    0.684G    0.1107   0.02577   0.03676    0.1732        25       256    0.6678   0.06918 0.0002375 6.533e-05     0.105   0.01925   0.03473
     1/149    0.625G    0.1056   0.02929   0.03475    0.1697        21       256    0.6678   0.06918 0.0002569 6.678e-05    0.1021   0.01998   0.03262
     2/149    0.625G    0.1044   0.02971    0.0335    0.1676        23       256    0.6681   0.08805 0.0004757 9.095e-05    0.1014   0.02002     0.031
     3/149    0.625G    0.1036    0.0282   0.03218     0.164        22       256    0.6679   0.07547 0.0004377 9.144e-05    0.1013    0.0199    0.0298
     4/149    0.625G    0.1036   0.02827   0.03133    0.1632        18       256     0.668   0.08176 0.0005014 9.738e-05    0.1013   0.01985   0.02884
     5/149    0.625G    0.1026   0.02908   0.03033     0.162        21       256    0.6684   0.08176 0.0005526 0.0001092    0.1013   0.01978   0.02809
     6/149    0.625G    0.1037   0.02836   0.03009    0.1622        24       256  0.001678    0.1006 0.0007324 0.0001237    0.1025   0.01944   0.02786
     7/149    0.625G     0.103   0.02851   0.02949     0.161        21       256  0.001687   0.03145 0.0007015 0.0001353    0.1034   0.01915   0.02752
     8/149    0.625G    0.1026   0.02866   0.02936    0.1607        14       256  0.001782   0.08805 0.0007946 0.0001506    0.1021   0.01942   0.02698
     9/149    0.625G    0.1021   0.02968   0.02871    0.1605        28       256  0.002295    0.0566 0.0008948 0.0001607     0.104   0.01888   0.02725
    10/149    0.625G    0.1015   0.02931   0.02875    0.1595        27       256  0.001626   0.06918  0.000773 0.0001447     0.104   0.01896   0.02701
    11/149    0.625G    0.1021   0.02914   0.02863    0.1599        27       256   0.00166   0.08805  0.001079 0.0001941    0.1005   0.01983   0.02576
    12/149    0.625G     0.101   0.03047   0.02877    0.1602        24       256  0.001587   0.07547 0.0005957 0.0001064    0.1095   0.01766   0.02789
    13/149    0.625G    0.1005   0.02985   0.02905    0.1594        22       256  0.001644   0.05031 0.0008395 0.0001684    0.1047   0.01847   0.02752
    14/149    0.625G    0.1003   0.02936   0.02807    0.1577        20       256  0.002038    0.1069  0.001354  0.000236   0.09871   0.02005   0.02504
    15/149    0.625G   0.09769   0.02851   0.02815    0.1544        26       256  0.004697   0.02751  0.002759 0.0004891   0.09776   0.01996   0.02485
    16/149    0.625G   0.09568   0.02957    0.0282    0.1535        19       256   0.01301   0.03774  0.004377 0.0006894       0.1    0.0189    0.0252
    17/149    0.625G   0.09304   0.02949   0.02783    0.1504         7       256   0.07687   0.05031   0.02583  0.005254   0.09643   0.01939   0.02489
    18/149    0.625G   0.08849    0.0304   0.02707     0.146        20       256   0.05168    0.2138   0.06439    0.0171   0.08843   0.02026   0.02391
    19/149    0.625G   0.08499   0.02946   0.02701    0.1415        21       256   0.07821    0.3082   0.07775    0.0216   0.08395   0.02008   0.02355
    20/149    0.625G   0.08169   0.02915   0.02712     0.138        18       256    0.5008    0.2453    0.1475   0.04987   0.08106   0.01976   0.02343
    21/149    0.625G   0.07892   0.02813    0.0261    0.1332        21       256    0.4823    0.2175    0.1376   0.04356   0.07796   0.01976   0.02265
    22/149    0.625G   0.08091   0.02757   0.02669    0.1352         7       256    0.1764    0.3121    0.1888   0.06087   0.07437   0.02008   0.02246
    23/149    0.625G   0.07711   0.02609   0.02657    0.1298        15       256    0.1736     0.283    0.2011   0.06596   0.07319   0.02073   0.02185
    24/149    0.625G    0.0756   0.02721    0.0255    0.1283        15       256    0.2147    0.4906    0.2551   0.05798   0.07234    0.0199   0.02133
    25/149    0.625G   0.07478   0.02738   0.02491    0.1271        34       256    0.2697     0.327     0.273   0.08796   0.07205   0.01884   0.02079
    26/149    0.625G   0.07454   0.02634   0.02484    0.1257        16       256    0.3367    0.5014    0.3355   0.09457   0.06775   0.01867   0.01986
    27/149    0.625G   0.07242   0.02627   0.02509    0.1238        19       256    0.2407     0.434    0.1979   0.04974   0.07519   0.01775   0.01919
    28/149    0.625G   0.07388   0.02583   0.02355    0.1233        27       256    0.3464     0.478    0.3384   0.08917   0.06657   0.01911   0.01816
    29/149    0.625G   0.06959     0.026    0.0231    0.1187        16       256    0.3821    0.4745    0.3849    0.1441   0.06575   0.02156   0.01678
    30/149    0.625G   0.07016   0.02634   0.02308    0.1196        27       256    0.3472    0.5655     0.393    0.1236   0.06586   0.01853   0.01692
    31/149    0.625G   0.06708    0.0267   0.02191    0.1157        24       256    0.4661     0.522    0.4713    0.1513   0.06154   0.01894   0.01571
    32/149    0.625G   0.06738   0.02508   0.02159     0.114        19       256    0.3948    0.4705    0.3572   0.09405   0.06925   0.01863   0.01462
    33/149    0.625G   0.06664   0.02456    0.0212    0.1124        24       256    0.5125    0.4714    0.4592    0.1624   0.05955   0.01868   0.01433
    34/149    0.625G   0.06388   0.02456   0.02056     0.109        21       256    0.5646    0.5886    0.6206    0.2316    0.0557   0.01911   0.01462
    35/149    0.625G   0.06549   0.02503   0.02143     0.112        15       256       0.5    0.5321    0.5093    0.1534   0.05931   0.01568   0.01462
    36/149    0.625G   0.06663   0.02438   0.02015    0.1112        17       256    0.4483    0.6038    0.4615    0.1506   0.06058   0.01873   0.01386
    37/149    0.625G    0.0681    0.0236   0.02086    0.1125        16       256     0.474    0.5912    0.5249    0.2034   0.05937   0.01588   0.01391
    38/149    0.625G   0.06515   0.02476   0.01922    0.1091         8       256    0.5675    0.5939    0.5388    0.1767   0.06167   0.01568   0.01267
    39/149    0.625G   0.06533   0.02417   0.01885    0.1084        22       256    0.5741     0.551    0.5433     0.182   0.05988   0.01571   0.01234
    40/149    0.625G   0.06497   0.02389   0.01836    0.1072        14       256    0.4675    0.5409    0.4819    0.1333   0.07068   0.01545   0.01197
    41/149    0.625G   0.06491   0.02365   0.01797    0.1065        24       256    0.5484    0.7107    0.6725    0.2288   0.05714   0.01559   0.01201
    42/149    0.625G   0.06086   0.02373   0.01681    0.1014        13       256    0.6025    0.7212    0.7156     0.253   0.05767    0.0149   0.01163
    43/149    0.625G   0.06041   0.02256   0.01648   0.09945        18       256    0.5709     0.744    0.6556    0.2511     0.056   0.01478   0.01084
    44/149    0.625G   0.06351   0.02303   0.01613    0.1027        24       256    0.7033    0.6862    0.7018    0.3107   0.05217   0.01515   0.01075
    45/149    0.625G   0.06066   0.02307   0.01588   0.09962        22       256    0.6877    0.7382    0.7694    0.3146   0.05378   0.01595   0.01141
    46/149    0.625G   0.06031   0.02275   0.01535   0.09841        23       256    0.7491    0.6831    0.7303    0.2637   0.05726    0.0141  0.009805
    47/149    0.625G   0.05896   0.02215   0.01508   0.09619        23       256    0.6849    0.7203    0.7171    0.3682   0.05058   0.01443   0.01008
    48/149    0.625G   0.06065   0.02243   0.01556   0.09865        24       256    0.6993    0.7591    0.7438    0.3059   0.05539    0.0144   0.01012
    49/149    0.625G   0.05846   0.02234   0.01517   0.09597        17       256    0.7256    0.7663     0.778    0.3612    0.0505   0.01455  0.009245
    50/149    0.625G   0.05707   0.02159   0.01368   0.09235        22       256    0.7722    0.7822    0.8328    0.3803   0.04911   0.01356  0.008672
    51/149    0.625G   0.05893   0.02209     0.013   0.09401        16       256    0.7349    0.7888    0.7936     0.292   0.05465   0.01372  0.009119
    52/149    0.625G   0.05656   0.02144   0.01224   0.09024        31       256    0.7833    0.7964    0.8209    0.3591    0.0528   0.01434  0.008353
    53/149    0.625G   0.05559   0.02106   0.01222   0.08887        14       256    0.7213    0.7351    0.7127    0.2919   0.05337   0.01296  0.008578
    54/149    0.625G   0.05364   0.02093   0.01194   0.08651        17       256    0.8398    0.7983    0.8277     0.375   0.04862   0.01316  0.007994
    55/149    0.625G   0.05497   0.02096   0.01174   0.08767        28       256    0.8279    0.7858    0.8398    0.3721    0.0511   0.01225  0.007682
    56/149    0.625G   0.05552   0.02137   0.01114   0.08803        33       256    0.7836    0.8616    0.8668    0.4182   0.04964   0.01237    0.0077
    57/149    0.625G   0.05424   0.01969   0.01073   0.08466        22       256    0.8605     0.786    0.8597    0.4232   0.04929   0.01266  0.006817
    58/149    0.627G   0.05218   0.02113   0.01057   0.08387        23       256    0.8406    0.8022    0.8602     0.471    0.0456   0.01233  0.006771
    59/149    0.627G   0.05287   0.02045  0.009081   0.08239        31       256    0.8982    0.7854    0.8749    0.4136   0.04822    0.0124  0.006833
    60/149    0.627G   0.05491    0.0202   0.01057   0.08568        23       256    0.9271     0.742     0.866    0.4391   0.04697   0.01259   0.00637
    61/149    0.627G   0.05322   0.02007    0.0102   0.08349        19       256    0.7377    0.8043    0.8284    0.4253   0.04575   0.01259  0.006974
    62/149    0.627G   0.05165     0.019   0.01002   0.08067         9       256    0.8598    0.8143    0.8744    0.4373   0.04707   0.01232  0.007047
    63/149    0.627G    0.0523   0.01994  0.009714   0.08195        25       256    0.8892    0.8566     0.909    0.4076   0.04909   0.01186  0.005678
    64/149    0.627G   0.05354   0.01978  0.009888   0.08321        24       256    0.8626    0.8661    0.9096    0.4792   0.04583    0.0119  0.005915
    65/149    0.627G   0.05092    0.0193   0.00985   0.08007        17       256     0.898    0.7964    0.8892    0.4454   0.04703   0.01279  0.007077
    66/149    0.627G   0.04948   0.01944  0.009512   0.07844        14       256    0.8509    0.7986    0.8564    0.4316   0.04758   0.01165  0.006533
    67/149    0.627G   0.05271   0.01903  0.009966   0.08171        11       256    0.9093    0.8553    0.9075     0.452   0.04564   0.01205  0.006728
    68/149    0.627G   0.05056   0.01887  0.009371   0.07881        12       256    0.8906    0.8174    0.8765    0.4405   0.04587   0.01218   0.00749
    69/149    0.627G   0.04834   0.01839  0.008577    0.0753        23       256    0.9336    0.7941    0.9166    0.4267   0.04685   0.01197  0.006761
    70/149    0.627G   0.04845   0.01894  0.008646   0.07603        17       256    0.8888    0.8797    0.9004    0.4576    0.0462   0.01168  0.006201
    71/149    0.627G   0.04938   0.01886  0.009213   0.07746        16       256    0.8741    0.8445    0.9015    0.4228   0.04697   0.01161  0.005933
    72/149    0.627G   0.04972   0.01944   0.00821   0.07737        28       256     0.877    0.8468    0.9059    0.4583   0.04549   0.01129  0.005782
    73/149    0.627G   0.04732   0.01926  0.008137   0.07472        20       256    0.9153    0.8357    0.9114    0.4818   0.04414   0.01124  0.005341
    74/149    0.627G    0.0477   0.01869  0.008772   0.07516        23       256    0.9154    0.8492    0.9227    0.4686   0.04595   0.01126  0.005751
    75/149    0.627G   0.04841   0.01839  0.007906    0.0747        21       256    0.8625    0.8677    0.9037    0.4438   0.04639   0.01162  0.005945
    76/149    0.627G   0.04957   0.01892  0.008307    0.0768        35       256    0.8708    0.8767    0.9202    0.4525   0.04401   0.01148  0.005382
    77/149    0.627G   0.04692   0.01889  0.008069   0.07388        16       256    0.8426    0.9139    0.9216    0.4892    0.0439   0.01129  0.005358
    78/149    0.627G   0.04578   0.01827  0.007596   0.07165        23       256    0.9267    0.8696    0.9304    0.4804   0.04416   0.01118  0.005534
    79/149    0.627G   0.04752   0.01823  0.008041   0.07379        27       256    0.8841    0.9042    0.9301    0.4717   0.04374   0.01099  0.005115
    80/149    0.627G   0.04648   0.01838  0.008163   0.07303        19       256    0.8834    0.8425     0.919      0.49   0.04208   0.01096  0.005317
    81/149    0.627G   0.04471   0.01846   0.00702    0.0702        16       256    0.8931    0.8678    0.9167    0.4953   0.04319   0.01111  0.005685
    82/149    0.627G    0.0463   0.01873   0.00741   0.07243        27       256    0.9158    0.8532     0.906     0.463   0.04478   0.01086  0.005316
    83/149    0.627G   0.04578   0.01888  0.008292   0.07295        29       256    0.9076    0.8591    0.9293    0.5008   0.04258   0.01091  0.005606
    84/149    0.627G   0.04726   0.01776  0.006617   0.07163        19       256    0.8507    0.9018    0.9056    0.4481   0.04526   0.01095   0.00509
    85/149    0.627G   0.04639   0.01859  0.007049   0.07203        17       256    0.8931    0.8742    0.9254    0.4774   0.04335   0.01088  0.005427
    86/149    0.627G   0.04613   0.01863  0.007886   0.07265        24       256    0.9127    0.8762    0.9282    0.4937   0.04198   0.01069  0.005526
    87/149    0.627G   0.04372   0.01751  0.007535   0.06877        19       256    0.9011    0.8239    0.9127    0.4983   0.04321   0.01101  0.005757
    88/149    0.627G   0.04541   0.01817  0.007737   0.07132        16       256    0.8738      0.88    0.9134    0.4734   0.04399   0.01074  0.005075
    89/149    0.627G   0.04328   0.01733  0.006705   0.06731        19       256    0.8907    0.9259    0.9241    0.4857   0.04317   0.01069  0.004956
    90/149    0.627G   0.04334   0.01743  0.007427    0.0682        15       256    0.8873    0.8868    0.8981    0.4669   0.04363   0.01075  0.005574
    91/149    0.627G   0.04289   0.01758  0.006839   0.06731        23       256    0.9101    0.8803    0.9139    0.4645   0.04343   0.01071  0.005041
    92/149    0.627G    0.0449   0.01774   0.00687   0.06952        18       256     0.912    0.8873    0.9314    0.5023   0.04176   0.01043  0.004918
    93/149    0.627G   0.04394   0.01714   0.00696   0.06804        18       256    0.8958    0.8767    0.8838    0.4638    0.0431   0.01063  0.005044
    94/149    0.627G    0.0446   0.01749  0.007445   0.06954        20       256    0.8896    0.8986    0.9277    0.4949     0.042   0.01064  0.004928
    95/149    0.627G   0.04299   0.01703  0.007248   0.06727        10       256     0.915    0.8992    0.9102     0.505   0.04063   0.01046  0.005014
    96/149    0.627G   0.04266   0.01703  0.006408    0.0661        24       256    0.8934    0.8974    0.9239    0.4893    0.0425   0.01063  0.004732
    97/149    0.627G   0.04293   0.01732  0.006637   0.06688        28       256    0.9082    0.9151    0.9429    0.4826   0.04223   0.01049   0.00522
    98/149    0.627G   0.04217   0.01705  0.006352   0.06557        24       256    0.8629    0.8746    0.9116    0.4997   0.04149   0.01042  0.005565
    99/149    0.627G   0.04355   0.01733  0.006671   0.06756        34       256    0.9197      0.88    0.9349    0.5201   0.04084   0.01049  0.004816
   100/149    0.627G   0.04308   0.01792   0.00675   0.06775        20       256    0.9149     0.892     0.922    0.4987    0.0409   0.01057  0.004284
   101/149    0.627G   0.04192   0.01712  0.006923   0.06597        20       256    0.9217    0.8696    0.9276    0.4843   0.04275   0.01045  0.004566
   102/149    0.627G   0.04135   0.01715  0.006593   0.06508        17       256    0.9075    0.8406    0.9159    0.4913   0.04301   0.01076   0.00466
   103/149    0.627G   0.04138   0.01755  0.006859   0.06579        20       256    0.8919    0.9057    0.9276    0.4971   0.04209   0.01047  0.004393
   104/149    0.627G    0.0423   0.01708  0.006675   0.06605        24       256    0.9255    0.9245    0.9474    0.5151   0.04083   0.01034  0.004512
   105/149    0.627G   0.04027   0.01715  0.006724   0.06415        25       256    0.9148    0.8679    0.9169    0.4973   0.04131   0.01042   0.00444
   106/149    0.627G   0.04168    0.0171  0.006418   0.06519        23       256    0.9196    0.9119    0.9282    0.5038   0.04104    0.0103   0.00431
   107/149    0.627G   0.04166   0.01772  0.006306   0.06568        29       256    0.9016    0.9182    0.9372    0.4987   0.04118   0.01026  0.004196
   108/149    0.627G   0.04277   0.01753  0.006547   0.06685        22       256    0.9357     0.882    0.9426    0.5193   0.04111   0.01032  0.004265
   109/149    0.627G   0.04038   0.01665  0.006191   0.06322        17       256    0.9385    0.8718    0.9317    0.5207    0.0407   0.01028  0.004483
   110/149    0.627G   0.04131   0.01757  0.006016   0.06489        24       256    0.8828    0.9105    0.9273    0.5292   0.03985    0.0103  0.004437
   111/149    0.627G   0.04021   0.01644  0.006811   0.06346        27       256    0.9296    0.8867    0.9387    0.5246   0.04031   0.01032  0.004612
   112/149    0.627G   0.04155   0.01705  0.006081   0.06468        26       256    0.9067    0.8813    0.9121    0.5099   0.04193   0.01037  0.004445
   113/149    0.627G   0.04148   0.01676  0.006548   0.06479        18       256    0.9434    0.8616     0.935    0.5191    0.0412   0.01033  0.004509
   114/149    0.627G    0.0407   0.01737   0.00669   0.06476        40       256     0.934    0.8749    0.9396    0.5031   0.04142   0.01034  0.004861
   115/149    0.627G    0.0411   0.01726  0.006083   0.06444        20       256    0.9182    0.8898      0.93    0.5036   0.04147   0.01025   0.00441
   116/149    0.627G   0.04006   0.01653  0.006147   0.06274        19       256      0.91    0.8867    0.9267    0.5002   0.04226   0.01042  0.004153
   117/149    0.627G    0.0404   0.01639  0.006198   0.06299        20       256    0.8788    0.9031    0.9195     0.508   0.04162   0.01043  0.004312
   118/149    0.627G   0.03821   0.01773  0.005286   0.06123        29       256    0.9123    0.8994    0.9396     0.519   0.04038   0.01047  0.004477
   119/149    0.627G   0.04014   0.01715  0.006242   0.06354        15       256    0.9144    0.9354    0.9476    0.5363   0.03969   0.01022  0.004597
   120/149    0.627G   0.03929   0.01639  0.005529   0.06121        14       256    0.9171    0.9119    0.9473    0.5247   0.03923   0.01031  0.004564
   121/149    0.627G   0.03941   0.01631  0.006279     0.062        26       256    0.9318    0.9155    0.9391     0.527   0.03965    0.0101  0.004682
   122/149    0.627G   0.03858   0.01703  0.005506   0.06111        33       256    0.9244    0.8963    0.9359    0.5308   0.03966   0.01011  0.004583
   123/149    0.627G   0.03991    0.0176  0.006193   0.06371        33       256    0.9148    0.9182    0.9429    0.5306   0.03927   0.01011  0.004376
   124/149    0.627G   0.03969   0.01683  0.005814   0.06233        12       256    0.9039    0.9244    0.9255     0.519   0.04014   0.01011  0.004218
   125/149    0.627G   0.03829   0.01626  0.005811   0.06037        23       256    0.9115    0.9492    0.9499    0.5257   0.03971   0.00989  0.004156
   126/149    0.627G   0.03935   0.01678  0.006274    0.0624        18       256    0.9054    0.8899    0.9368    0.5183    0.0396  0.009974   0.00456
   127/149    0.627G   0.03845   0.01597  0.005606   0.06002        29       256    0.9281    0.9182    0.9392    0.5207      0.04  0.009936  0.004342
   128/149    0.627G    0.0399   0.01647  0.005598   0.06198        28       256    0.9269    0.9054    0.9347    0.5259   0.03957  0.009992  0.004314
   129/149    0.627G   0.03797    0.0165  0.005722    0.0602        23       256    0.9225     0.904    0.9335    0.5144   0.04009   0.01007  0.004039
   130/149    0.627G   0.03828   0.01555  0.005378   0.05921        27       256    0.9492    0.9004    0.9452    0.5204   0.03913  0.009978  0.003918
   131/149    0.627G   0.03854   0.01543  0.005567   0.05954        14       256    0.9364    0.9086    0.9551    0.5433    0.0392  0.009914  0.004014
   132/149    0.627G   0.03964   0.01588  0.006319   0.06184        15       256    0.9631    0.9038    0.9505    0.5287    0.0396  0.009986   0.00391
   133/149    0.627G   0.03786    0.0161  0.005834   0.05979        12       256    0.9361    0.9274    0.9515    0.5281   0.03965   0.01002   0.00449
   134/149    0.627G   0.03783   0.01668  0.005352   0.05986        14       256    0.9341    0.8868    0.9398    0.5217   0.04073   0.01018  0.004881
   135/149    0.627G   0.03942   0.01656  0.005911   0.06189        28       256    0.9489    0.8868    0.9479    0.5183   0.03995   0.01013  0.004732
   136/149    0.627G   0.03809   0.01591  0.005386   0.05939        20       256    0.9293    0.8992    0.9421    0.5177   0.03957  0.009991  0.004412
   137/149    0.627G   0.03698   0.01682   0.00494   0.05874        13       256    0.8941    0.9167    0.9296    0.5373   0.03888   0.01001  0.004395
   138/149    0.627G    0.0381   0.01589  0.005591   0.05958        21       256    0.9056    0.9308    0.9346    0.5216   0.03999   0.01003  0.004408
   139/149    0.627G    0.0378   0.01644  0.005228   0.05947        28       256    0.9017    0.9371    0.9323    0.5204   0.03937   0.01002  0.004248
   140/149    0.627G    0.0385   0.01609   0.00565   0.06024        33       256    0.9021    0.8993    0.9236    0.5175   0.04004    0.0102  0.004279
   141/149    0.627G   0.03707   0.01665  0.004951   0.05867        22       256    0.9233    0.9162    0.9375    0.5374   0.03901   0.01003  0.004086
   142/149    0.627G   0.03811   0.01681  0.005438   0.06036        16       256    0.9279    0.9306    0.9505    0.5357   0.03794      0.01  0.003834
   143/149    0.627G   0.03873   0.01563  0.005834    0.0602        17       256    0.9337    0.9182    0.9518    0.5371   0.03886   0.01004  0.003943
   144/149    0.627G   0.03784   0.01563  0.005498   0.05898        17       256    0.9285    0.8944    0.9339     0.535   0.03964    0.0101  0.004254
   145/149    0.627G   0.03888   0.01553  0.005782   0.06019        24       256    0.9073    0.9119    0.9343    0.5215   0.04061   0.01029  0.004161
   146/149    0.627G   0.03751   0.01608  0.005434   0.05902        23       256    0.8846    0.8994    0.9057    0.5016   0.04225   0.01037  0.004452
   147/149    0.627G   0.03684   0.01628  0.005311   0.05843        26       256    0.9266    0.9116    0.9242     0.538   0.04024   0.01019  0.004554
   148/149    0.627G   0.03743   0.01619  0.005282    0.0589        19       256     0.951    0.9171    0.9446    0.5469   0.03901   0.00988   0.00447
   149/149    0.627G    0.0377   0.01572  0.005686    0.0591        16       256    0.9388    0.9111    0.9535    0.5325   0.03983  0.009874  0.004121
