0 70 140 82 152
0 210 234 218 242
0 307 176 311 180
0 109 179 113 183
0 169 191 175 197
0 248 158 256 166
0 200 255 206 261
0 227 124 231 128
0 140 232 144 236
0 245 126 249 130
0 232 255 240 263
0 253 159 265 171
0 315 259 319 263
0 96 244 102 250
0 91 196 97 202
0 46 183 50 187
0 87 152 93 158
0 221 272 237 288
0 105 223 109 227
0 246 141 252 147
0 77 204 91 218
0 46 184 50 188
0 244 184 248 188
0 80 300 86 306
0 52 100 56 104
0 111 229 123 241
0 90 118 106 134
0 24 133 32 141
0 227 150 241 164
0 88 222 96 230
0 99 256 103 260
0 143 179 147 183
0 147 231 155 239
0 206 220 214 228
0 58 223 62 227
0 284 157 304 177
0 54 151 68 165
0 158 283 166 291
0 116 203 130 217
0 260 209 264 213
0 195 67 199 71
0 110 139 116 145
0 93 210 103 220
0 97 215 101 219
0 189 183 193 187
0 296 178 308 190
0 51 187 55 191
0 294 191 310 207
0 280 291 286 297
0 97 141 105 149
0 177 189 181 193
0 262 163 266 167
0 66 115 70 119
0 116 230 126 240
0 93 117 101 125
0 289 231 293 235
0 70 98 74 102
0 194 275 198 279
0 121 262 131 272
0 34 178 38 182
0 211 206 231 226
0 332 272 344 284
0 147 203 151 207
0 305 222 309 226
0 274 144 280 150
0 249 232 261 244
0 109 117 117 125
0 237 209 241 213
0 238 278 242 282
0 97 209 109 221
0 131 222 137 228
0 41 161 45 165
0 262 185 266 189
0 91 267 95 271
0 139 210 143 214
0 323 226 327 230
0 253 132 261 140
0 237 193 253 209
0 59 151 65 157
0 278 287 290 299
0 169 234 183 248
0 62 264 66 268
0 43 199 51 207
0 261 182 273 194
0 223 141 233 151
0 270 165 274 169
0 314 273 322 281
0 287 241 293 247
0 123 298 131 306
0 157 147 161 151
0 244 198 254 208
0 278 180 282 184
0 100 190 108 198
0 109 281 113 285
0 205 253 221 269
0 296 171 302 177
0 286 191 308 213
0 64 107 68 111
0 33 131 37 135
0 122 123 126 127
0 248 147 256 155
0 62 134 66 138
0 282 216 288 222
0 66 257 70 261
0 116 216 120 220
0 252 195 256 199
0 69 168 77 176
0 116 240 122 246
0 286 157 292 163
0 279 255 287 263
0 65 149 77 161
0 55 125 59 129
0 89 231 93 235
0 236 249 252 265
0 127 274 135 282
0 210 126 214 130
0 114 161 122 169
0 20 160 26 166
0 264 136 272 144
0 118 159 124 165
0 106 125 114 133
0 169 203 173 207
0 306 218 322 234
0 267 121 273 127
0 54 251 60 257
0 294 178 298 182
0 287 187 291 191
0 122 251 130 259
0 46 149 50 153
0 324 196 328 200
0 309 271 313 275
0 257 281 269 293
0 242 241 246 245
0 57 154 69 166
0 123 274 133 284
0 294 230 314 250
0 299 236 303 240
0 247 152 251 156
0 71 215 93 237
0 92 225 100 233
0 213 108 223 118
0 270 312 278 320
0 175 142 179 146
0 83 166 91 174
0 91 134 95 138
0 203 171 215 183
0 118 220 130 232
0 151 184 157 190
0 338 244 360 266
0 161 303 167 309
0 82 262 86 266
0 265 240 269 244
0 63 197 71 205
0 253 213 259 219
0 31 139 39 147
0 121 184 129 192
0 257 192 267 202
0 245 240 277 272
0 299 160 303 164
0 60 120 68 128
0 304 198 308 202
0 246 210 258 222
0 277 148 285 156
0 83 98 91 106
0 267 199 271 203
0 308 298 314 304
0 239 139 243 143
0 55 146 61 152
0 286 109 290 113
0 95 220 111 236
0 84 179 88 183
0 79 254 85 260
0 168 196 180 208
0 181 296 187 302
0 122 270 128 276
0 108 190 114 196
0 151 225 169 243
0 79 129 87 137
0 315 178 321 184
0 229 122 247 140
0 78 242 86 250
0 84 98 88 102
0 153 231 161 239
0 164 198 172 206
0 76 226 82 232
0 147 156 155 164
0 279 145 285 151
0 290 207 294 211
0 110 246 126 262
0 151 265 167 281
0 228 247 234 253
0 259 98 263 102
0 321 261 325 265
0 283 103 287 107
0 336 210 340 214
0 82 235 94 247
0 202 179 218 195
0 119 244 125 250
0 218 140 230 152
0 100 102 108 110
0 243 271 251 279
0 234 236 242 244
0 273 242 285 254
0 100 227 108 235
0 145 269 157 281
0 199 142 219 162
0 59 93 63 97
0 55 104 59 108
0 301 130 305 134
0 194 127 208 141
0 229 231 233 235
0 202 131 220 149
0 208 254 214 260
0 273 177 289 193
0 104 144 114 154
0 118 227 142 251
0 97 135 101 139
0 96 241 104 249
0 308 257 312 261
0 334 190 342 198
0 117 220 123 226
0 214 224 218 228
0 66 218 74 226
0 300 179 308 187
0 196 215 200 219
0 198 221 202 225
0 66 155 70 159
0 277 181 285 189
0 81 127 85 131
0 287 182 291 186
0 270 198 274 202
0 265 228 273 236
0 64 191 70 197
0 195 232 201 238
0 48 194 52 198
0 103 231 115 243
0 214 131 218 135
0 61 191 65 195
0 43 145 49 151
0 149 234 157 242
0 157 299 169 311
0 51 89 55 93
0 90 239 96 245
0 273 157 281 165
0 222 183 226 187
0 293 282 305 294
0 291 263 307 279
0 52 214 60 222
0 312 142 316 146
0 131 298 139 306
0 89 205 111 227
0 80 106 98 124
0 253 267 257 271
0 150 174 158 182
0 56 123 60 127
0 128 242 148 262
0 54 121 58 125
0 92 119 100 127
0 55 78 59 82
0 220 232 224 236
0 255 186 267 198
0 99 114 107 122
0 273 231 283 241
0 122 70 130 78
0 97 90 101 94
0 94 62 100 68
0 230 176 244 190
0 136 130 146 140
0 246 178 258 190
0 261 218 265 222
0 247 205 259 217
0 80 118 84 122
0 100 180 104 184
0 273 264 277 268
0 230 221 250 241
0 103 160 111 168
0 98 215 110 227
0 126 154 130 158
0 271 233 291 253
0 303 176 307 180
0 86 111 90 115
0 209 167 227 185
0 268 161 276 169
0 108 76 112 80
0 66 143 70 147
0 225 243 231 249
0 186 180 202 196
0 115 132 123 140
0 87 147 99 159
0 309 174 313 178
0 242 189 246 193
0 95 156 107 168
0 238 164 242 168
0 324 280 328 284
0 272 168 278 174
0 268 173 288 193
0 317 265 321 269
0 243 246 251 254
0 72 237 78 243
0 127 168 131 172
0 87 179 91 183
0 98 121 104 127
0 80 232 96 248
0 45 171 49 175
0 218 241 228 251
0 156 240 176 260
0 300 248 304 252
0 328 234 336 242
0 178 236 184 242
0 113 162 121 170
0 75 250 93 268
0 102 274 106 278
0 138 133 144 139
0 120 268 130 278
0 26 133 32 139
0 93 230 109 246
0 121 164 145 188
0 263 186 269 192
0 317 208 337 228
0 107 124 111 128
0 96 263 102 269
0 109 221 125 237
0 90 220 94 224
0 67 186 75 194
0 77 255 85 263
0 201 257 207 263
0 209 187 215 193
0 264 239 268 243
0 92 220 96 224
0 323 170 327 174
0 268 209 272 213
0 247 253 253 259
0 124 177 144 197
0 129 274 145 290
0 97 164 105 172
0 295 187 299 191
0 125 198 137 210
0 243 152 251 160
0 264 254 268 258
0 104 241 112 249
0 226 119 234 127
0 109 132 113 136
0 343 240 349 246
0 37 175 41 179
0 262 231 270 239
0 310 300 318 308
0 133 184 139 190
0 298 227 302 231
0 156 223 174 241
0 109 327 113 331
0 114 232 118 236
0 133 95 141 103
0 263 197 275 209
0 238 182 246 190
0 80 100 84 104
0 69 239 75 245
0 142 256 150 264
0 133 116 143 126
0 104 256 116 268
0 93 223 99 229
0 246 274 264 292
0 71 144 77 150
0 233 213 237 217
0 288 270 294 276
0 79 145 91 157
0 137 241 143 247
0 293 216 305 228
0 102 236 110 244
0 219 204 223 208
0 119 122 125 128
0 91 225 115 249
0 49 110 57 118
0 114 281 120 287
0 127 244 133 250
0 65 145 71 151
0 110 218 118 226
0 194 193 198 197
0 41 208 49 216
0 111 231 119 239
0 102 133 114 145
0 274 210 280 216
0 292 221 300 229
0 283 166 293 176
0 235 158 259 182
0 69 199 77 207
0 237 256 245 264
0 101 137 105 141
0 235 172 239 176
0 238 78 246 86
0 246 310 254 318
0 79 231 83 235
0 193 288 197 292
0 171 189 183 201
0 316 242 322 248
0 155 122 179 146
0 245 165 251 171
0 155 345 159 349
0 69 128 73 132
0 113 269 117 273
0 154 246 162 254
0 267 202 275 210
0 254 260 274 280
0 279 158 301 180
0 224 270 228 274
0 118 206 126 214
0 221 219 225 223
0 139 248 145 254
0 210 235 216 241
0 317 192 325 200
0 46 190 58 202
0 129 293 135 299
0 91 153 99 161
0 56 186 60 190
0 165 165 173 173
0 118 161 134 177
0 88 156 92 160
0 78 138 82 142
0 82 124 86 128
0 201 176 209 184
0 83 211 91 219
0 97 200 101 204
0 121 236 137 252
0 112 153 132 173
0 107 97 111 101
0 45 213 49 217
0 244 169 248 173
0 263 277 269 283
0 281 129 289 137
0 79 196 91 208
0 69 80 73 84
0 81 196 87 202
0 278 101 282 105
0 218 157 226 165
0 150 284 154 288
0 118 140 124 146
0 209 181 213 185
0 248 157 254 163
0 158 242 174 258
0 268 130 276 138
0 26 181 34 189
0 61 157 69 165
0 294 157 314 177
0 54 221 62 229
0 274 79 278 83
0 100 218 104 222
0 251 200 259 208
0 82 250 86 254
0 158 182 166 190
0 129 233 137 241
0 114 103 118 107
0 251 115 257 121
0 89 268 93 272
0 217 112 239 134
0 110 233 122 245
0 275 225 281 231
0 255 268 271 284
0 71 88 77 94
0 124 223 130 229
0 115 183 129 197
0 210 246 234 270
0 55 223 67 235
0 228 225 236 233
0 90 65 94 69
0 79 207 87 215
0 138 299 154 315
0 155 272 159 276
0 304 120 312 128
0 44 196 48 200
0 254 168 262 176
0 67 254 71 258
0 117 111 125 119
0 308 222 316 230
0 221 131 233 143
0 98 150 102 154
0 224 250 228 254
0 64 190 68 194
0 330 215 338 223
0 239 223 247 231
0 235 209 243 217
0 208 165 216 173
0 66 129 74 137
0 257 89 263 95
0 151 234 163 246
0 296 183 324 211
0 136 262 152 278
0 329 194 333 198
0 235 229 241 235
0 127 187 139 199
0 254 240 260 246
0 121 243 125 247
0 120 268 126 274
0 64 136 68 140
0 100 132 120 152
0 247 216 251 220
0 90 158 98 166
0 254 178 260 184
0 162 174 168 180
0 102 107 108 113
0 170 183 190 203
0 344 175 350 181
0 120 270 124 274
0 38 188 46 196
0 265 189 273 197
0 72 221 78 227
0 121 160 141 180
0 33 192 41 200
0 204 184 212 192
0 297 205 305 213
0 289 164 293 168
0 138 185 144 191
0 283 119 299 135
0 197 277 201 281
0 91 77 95 81
0 118 192 130 204
0 272 128 276 132
0 253 258 261 266
0 92 205 100 213
0 75 249 79 253
0 242 195 254 207
0 113 202 137 226
0 73 202 85 214
0 276 166 282 172
0 67 233 71 237
0 265 267 277 279
0 68 260 74 266
0 66 120 74 128
0 45 101 53 109
0 185 250 195 260
0 103 259 109 265
0 255 215 267 227
0 255 203 271 219
0 267 279 283 295
0 295 247 303 255
0 32 179 36 183
0 287 132 291 136
0 247 173 261 187
0 126 252 130 256
0 319 234 323 238
0 66 150 74 158
0 97 236 101 240
0 88 96 94 102
0 203 242 207 246
0 39 117 43 121
0 91 268 95 272
0 265 168 271 174
0 253 293 257 297
0 227 228 235 236
0 247 246 257 256
0 288 163 292 167
0 71 209 79 217
0 82 232 90 240
0 238 227 250 239
0 156 270 164 278
0 250 221 270 241
0 325 186 333 194
0 126 214 138 226
0 262 261 270 269
0 277 184 285 192
0 73 132 81 140
0 107 172 111 176
0 315 275 321 281
0 307 138 313 144
0 210 221 222 233
0 51 110 57 116
0 136 225 140 229
0 267 156 275 164
0 304 288 312 296
0 212 163 218 169
0 146 133 154 141
0 213 201 221 209
0 182 213 186 217
0 257 190 263 196
0 65 153 69 157
0 260 129 264 133
0 55 66 59 70
0 276 208 282 214
0 119 242 127 250
0 280 223 286 229
0 59 249 63 253
0 265 219 277 231
0 218 234 224 240
0 125 113 131 119
0 248 203 254 209
0 69 162 81 174
0 264 279 296 311
0 143 233 163 253
0 279 113 287 121
0 251 177 257 183
0 151 252 155 256
0 116 243 120 247
0 231 110 247 126
0 228 261 234 267
0 243 226 249 232
0 85 206 97 218
0 22 195 30 203
0 82 266 88 272
0 72 163 80 171
0 109 136 113 140
0 262 193 268 199
0 144 249 154 259
0 286 157 308 179
0 105 160 109 164
0 258 140 266 148
0 271 219 275 223
0 314 149 318 153
0 127 160 131 164
0 218 110 226 118
0 63 162 71 170
0 89 242 97 250
0 97 106 101 110
0 229 254 235 260
0 69 162 89 182
0 82 250 86 254
0 66 226 76 236
0 28 147 32 151
0 94 155 108 169
0 130 126 134 130
0 157 267 163 273
0 101 218 105 222
0 254 163 274 183
0 124 260 136 272
0 68 176 72 180
0 162 289 168 295
0 195 136 203 144
0 101 115 107 121
0 67 213 71 217
0 86 220 96 230
0 182 209 186 213
0 325 185 329 189
0 230 170 236 176
0 104 242 114 252
0 259 119 267 127
0 100 96 104 100
0 67 224 85 242
0 133 251 143 261
0 64 244 68 248
0 72 152 80 160
0 121 258 133 270
0 201 213 205 217
0 227 83 231 87
0 60 176 64 180
0 124 263 128 267
0 242 208 246 212
0 264 195 270 201
0 209 241 215 247
0 64 254 70 260
0 214 221 220 227
0 146 283 152 289
0 118 139 126 147
0 102 268 108 274
0 87 226 91 230
0 92 175 102 185
0 135 266 141 272
0 54 193 58 197
0 86 208 96 218
0 261 183 265 187
0 66 222 70 226
0 65 220 69 224
0 207 86 211 90
0 127 227 135 235
0 55 159 63 167
0 11 154 27 170
0 78 217 82 221
0 261 235 269 243
0 77 142 93 158
0 145 267 173 295
0 180 226 184 230
0 116 293 122 299
0 120 170 132 182
0 105 215 117 227
0 92 163 96 167
0 185 183 191 189
0 227 254 233 260
0 286 153 292 159
0 128 202 132 206
0 68 151 80 163
0 183 235 187 239
0 77 235 81 239
0 49 195 53 199
0 104 209 120 225
0 216 270 228 282
0 43 231 47 235
0 69 75 73 79
0 308 268 312 272
0 246 248 262 264
0 205 268 213 276
0 304 121 308 125
0 305 266 323 284
0 102 236 106 240
0 295 138 299 142
0 253 314 261 322
0 151 211 173 233
0 248 257 254 263
0 57 91 61 95
0 291 277 311 297
0 104 188 114 198
0 309 203 313 207
0 229 77 233 81
0 127 256 135 264
0 123 264 137 278
0 92 199 102 209
0 165 189 169 193
0 41 151 45 155
0 117 162 121 166
0 214 135 224 145
0 280 286 284 290
0 197 172 203 178
0 74 144 78 148
0 115 160 121 166
0 106 248 120 262
0 298 193 302 197
0 88 105 96 113
0 39 196 43 200
0 303 238 311 246
0 39 211 47 219
0 59 237 63 241
0 74 247 78 251
0 240 124 244 128
0 208 104 220 116
0 153 190 161 198
0 193 155 207 169
0 38 189 42 193
0 139 237 143 241
0 53 126 57 130
0 202 212 206 216
0 93 226 101 234
0 231 258 255 282
0 83 262 91 270
0 60 245 66 251
0 224 163 248 187
0 129 302 137 310
0 80 117 84 121
0 238 191 242 195
0 256 144 272 160
0 97 207 113 223
0 72 110 78 116
0 136 182 152 198
0 268 213 276 221
0 103 106 107 110
0 99 209 113 223
0 356 341 362 347
0 118 263 124 269
0 144 182 150 188
0 222 121 230 129
0 109 268 129 288
0 274 129 278 133
0 318 185 324 191
0 24 171 30 177
0 276 211 280 215
0 74 154 78 158
0 238 218 258 238
0 60 230 68 238
0 263 184 273 194
0 106 219 112 225
0 175 135 191 151
0 154 104 164 114
0 182 124 190 132
0 127 236 133 242
0 67 89 75 97
0 91 197 103 209
0 252 160 262 170
0 144 218 164 238
0 91 160 97 166
0 196 186 202 192
0 50 123 58 131
0 102 199 114 211
0 43 151 47 155
0 53 233 57 237
0 250 215 258 223
0 142 278 150 286
0 199 243 211 255
0 290 175 296 181
0 175 174 187 186
0 262 113 268 119
0 183 222 193 232
0 92 158 100 166
0 264 207 276 219
0 281 117 287 123
0 260 166 264 170
0 108 235 116 243
0 211 129 215 133
0 247 198 261 212
0 86 212 98 224
0 68 215 76 223
0 76 147 82 153
0 82 278 102 298
0 245 133 249 137
0 112 244 116 248
0 253 165 269 181
0 210 134 218 142
0 137 213 141 217
0 97 177 105 185
0 128 161 136 169
0 106 294 114 302
0 116 255 120 259
0 245 194 249 198
0 213 271 217 275
0 271 154 279 162
0 217 152 225 160
0 281 212 287 218
0 258 186 262 190
0 308 258 314 264
0 300 192 308 200
0 61 178 67 184
0 92 216 102 226
0 318 197 324 203
0 118 222 130 234
0 101 103 109 111
0 261 278 267 284
0 244 99 248 103
0 122 191 126 195
0 53 156 69 172
0 262 244 274 256
0 144 232 162 250
0 98 196 118 216
0 94 258 104 268
0 262 159 266 163
0 74 164 86 176
0 150 190 158 198
0 125 262 133 270
0 231 91 235 95
0 260 266 268 274
0 95 96 103 104
0 70 182 76 188
0 120 229 128 237
0 262 261 282 281
0 68 112 72 116
0 87 178 91 182
0 99 226 103 230
0 265 114 269 118
0 68 253 72 257
0 241 244 245 248
0 165 236 173 244
0 144 144 160 160
0 123 242 147 266
0 212 210 228 226
0 270 262 276 268
0 235 224 241 230
0 294 181 298 185
0 100 198 110 208
0 227 168 233 174
0 37 213 45 221
0 280 175 286 181
0 121 188 125 192
0 63 109 87 133
0 268 189 276 197
0 79 163 85 169
0 255 215 263 223
0 210 227 226 243
0 197 131 201 135
0 131 249 139 257
0 88 97 102 111
0 184 204 192 212
0 84 201 90 207
0 99 86 103 90
0 214 91 220 97
0 320 202 326 208
0 275 230 291 246
0 108 127 112 131
0 240 216 248 224
0 301 293 317 309
0 191 230 203 242
0 270 237 276 243
0 105 254 125 274
0 84 77 90 83
0 101 237 105 241
0 109 266 117 274
0 223 254 227 258
0 248 144 252 148
0 245 199 253 207
0 82 191 104 213
0 263 143 281 161
0 237 249 245 257
0 262 197 270 205
0 65 209 75 219
0 112 207 116 211
0 99 82 105 88
0 261 197 273 209
0 93 48 101 56
0 284 227 292 235
0 161 193 165 197
0 191 184 209 202
0 4 102 12 110
0 122 190 134 202
0 33 182 45 194
0 267 116 273 122
0 128 289 144 305
0 73 210 85 222
0 236 188 240 192
0 219 239 227 247
0 254 217 258 221
0 66 183 74 191
0 247 143 251 147
0 123 295 143 315
0 221 96 225 100
0 274 249 278 253
0 58 194 62 198
0 241 244 261 264
0 60 165 72 177
0 222 263 232 273
0 164 272 172 280
0 192 297 196 301
0 320 279 324 283
0 248 245 256 253
0 141 254 155 268
0 120 228 134 242
0 150 261 162 273
0 237 200 249 212
0 329 279 341 291
0 92 179 100 187
0 287 182 297 192
0 230 129 234 133
0 85 97 107 119
0 118 217 122 221
0 203 170 207 174
0 212 200 216 204
0 291 277 301 287
0 282 305 290 313
0 118 232 126 240
0 253 240 265 252
0 78 173 82 177
0 126 262 140 276
0 274 131 282 139
0 89 271 97 279
0 281 308 287 314
0 46 220 52 226
0 107 98 113 104
0 295 261 307 273
0 155 200 165 210
0 104 77 120 93
0 122 126 128 132
0 244 156 248 160
0 130 210 138 218
0 78 208 86 216
0 63 205 91 233
0 229 144 237 152
0 240 142 248 150
0 103 308 111 316
0 226 233 232 239
0 242 109 260 127
0 244 135 254 145
0 303 220 311 228
0 248 85 256 93
0 303 158 307 162
0 100 216 108 224
0 134 168 146 180
0 157 281 183 307
0 85 274 91 280
0 193 142 207 156
0 58 190 62 194
0 277 290 283 296
0 124 124 136 136
0 146 117 158 129
0 101 270 105 274
0 194 175 202 183
0 101 150 105 154
0 254 201 258 205
0 246 175 268 197
0 42 139 46 143
0 314 188 322 196
